43
39
42
41
51
35
48
48
37
50
17
15
17
33
38
50
34
37
44
48
105
56
57
59
52
45
49
60
53
50
66
51
65
57
55
51
51
61
49
33
20
22
67
47
48
57
45
62
64
40
44
57
66
41
52
54
254
59
41
54
45
42
57
45
43
41
53
49
40
44
43
40
54
52
45
54
46
58
55
41
44
55
55
41
63
44
43
67
44
40
60
57
60
87
46
44
54
53
54
46
43
43
59
41
42
46
44
55
47
55
43
46
53
45
52
43
55
67
46
43
56
44
60
63
46
46
61
59
45
54
61
44
56
43
43
52
49
49
80
77
78
84
60
71
69
68
59
67
48
53
77
59
70
69
55
58
64
59
59
64
58
53
60
54
55
62
55
58
60
57
52
59
57
54
63
54
53
57
51
53
57
51
53
57
50
49
57
54
50
61
57
53
59
55
56
60
54
59
59
52
56
61
56
53
58
55
96
60
55
53
57
61
57
61
52
53
61
54
59
60
59
78
66
50
53
69
55
53
60
57
54
58
53
54
58
52
57
59
49
56
57
56
56
71
88
53
63
55
51
68
54
55
60
51
52
68
59
58
69
51
51
60
53
50
54
54
56
55
54
50
52
49
55
57
48
49
55
58
54
56
54
54
58
63
55
66
58
59
59
56
56
61
61
57
65
55
59
66
53
57
60
56
64
64
60
59
66
54
57
59
54
53
61
53
57
69
54
61
60
54
54
69
57
54
65
53
55
64
55
57
66
53
56
66
54
50
88
54
54
57
53
49
55
49
52
51
49
55
55
50
49
54
49
50
53
50
49
57
53
51
53
49
55
56
50
54
56
50
52
58
53
51
56
52
51
56
53
54
56
50
53
55
50
54
57
50
53
92
50
52
54
50
57
56
54
52
54
53
53
59
55
57
59
54
55
57
56
54
57
52
52
59
53
55
58
53
52
55
52
54
57
57
59
56
52
53
54
55
53
58
53
53
57
52
55
57
53
55
55
54
52
57
54
54
58
56
56
57
56
57
59
55
59
58
54
55
57
53
54
58
54
69
42
41
40
42
39
40
42
40
40
43
39
41
41
39
39
43
44
41
50
44
78
47
45
57
57
41
45
86
56
45
81
50
55
59
54
52
61
52
55
59
56
52
61
56
54
55
56
47
60
50
58
61
56
47
56
48
49
64
75
45
50
44
47
45
43
50
47
42
43
44
45
42
45
44
43
47
43
43
47
43
45
44
47
43
43
42
48
44
42
53
72
41
43
43
42
44
46
42
42
43
42
42
46
41
53
59
46
57
77
62
50
56
52
46
66
66
63
64
46
51
55
89
53
66
152
54
43
43
45
72
98
38
43
38
105
42
46
71
80
53
36
43
44
51
60
55
43
60
52
50
61
42
41
51
52
42
62
43
52
58
40
41
43
54
53
61
43
42
58
54
58
44
44
53
98
47
51
60
55
54
62
54
48
57
54
52
59
46
54
59
48
49
146
54
53
58
52
46
58
54
57
57
51
52
55
48
50
59
54
55
60
51
47
50
50
48
53
44
48
54
103
45
46
51
38
42
35
40
41
48
41
118
101
36
38
35
53
52
47
53
58
52
48
58
55
56
52
45
53
60
56
54
57
56
58
55
51
49
52
55
57
57
50
46
60
52
50
46
45
56
57
52
54
59
58
56
57
47
48
60
48
52
57
51
56
59
94
48
57
50
60
58
58
57
59
54
56
60
56
57
57
55
54
60
54
44
72
43
43
43
42
43
44
42
43
43
42
42
51
41
44
44
42
43
42
60
42
72
44
41
44
42
42
41
42
44
45
42
42
45
43
40
126
47
49
60
50
45
73
45
54
56
45
43
57
45
45
56
46
43
144
45
45
61
44
44
56
44
44
56
45
45
57
44
45
66
46
44
81
51
64
66
48
44
71
51
53
69
51
45
68
45
51
68
45
46
64
45
46
66
52
44
69
44
46
73
47
47
70
44
49
68
48
49
82
48
53
50
48
46
67
51
48
65
46
46
91
46
47
57
46
46
57
45
46
57
47
44
47
46
57
56
46
47
58
45
46
47
51
44
48
45
47
48
46
45
47
45
45
46
47
44
49
45
45
55
47
45
58
44
46
45
46
42
58
44
46
57
46
44
47
44
45
45
44
81
46
42
43
44
46
44
46
43
48
61
49
46
48
46
51
59
47
43
47
44
62
58
47
47
60
48
50
63
48
47
59
46
46
44
46
47
60
43
48
59
48
46
48
46
49
53
47
45
54
46
48
51
47
50
64
48
43
48
48
49
59
46
47
67
44
43
84
43
72
72
52
58
54
43
74
63
53
42
68
44
52
53
51
44
79
49
50
76
56
72
61
45
51
65
50
52
58
50
49
53
49
42
55
67
62
61
75
63
55
52
51
70
43
73
67
68
51
57
71
68
83
67
56
84
76
61
65
48
52
54
54
58
54
43
52
51
41
35
58
65
57
72
56
47
89
69
53
70
53
50
87
53
51
67
60
52
71
49
51
59
109
48
77
51
72
71
54
54
61
50
58
59
59
48
62
55
57
59
56
94
71
50
57
75
73
54
60
52
55
70
60
51
71
50
63
61
57
51
70
51
60
69
59
49
61
53
55
58
55
52
61
50
50
55
55
68
69
43
42
48
52
43
71
65
45
46
43
43
62
67
43
46
43
42
45
43
61
69
42
44
44
42
42
43
42
41
45
41
42
46
55
65
60
60
54
70
64
61
69
57
65
67
60
46
69
46
62
50
62
60
59
59
65
75
62
58
52
45
46
64
62
58
77
48
64
68
49
57
65
57
63
63
61
59
58
47
64
52
61
48
55
57
48
63
54
58
77
46
66
69
48
49
65
59
68
76
67
45
59
58
51
57
54
48
57
43
50
45
72
49
58
66
36
52
48
35
68
41
46
36
45
40
44
52
61
57
55
41
50
58
52
73
40
55
74
52
59
47
52
106
86
53
43
105
55
37
53
46
41
47
43
45
39
42
54
44
55
40
53
73
64
61
42
52
106
56
53
73
57
59
71
52
53
72
55
55
73
40
58
73
53
54
56
52
73
69
75
42
50
60
53
72
53
52
66
53
53
61
51
58
59
50
39
59
54
52
59
39
51
63
53
51
59
56
98
58
56
40
47
59
52
63
54
48
61
54
50
61
51
55
58
56
39
48
53
52
48
39
54
52
49
52
61
50
58
57
52
52
63
53
53
48
40
140
65
51
56
60
51
56
53
50
50
46
53
49
61
39
54
62
39
52
42
54
57
39
51
51
56
53
54
63
39
53
63
38
49
39
53
56
61
56
39
58
51
43
54
52
49
57
55
40
44
41
44
41
65
40
44
48
40
42
48
48
59
44
55
49
55
68
67
67
44
56
50
44
75
48
47
59
58
47
71
54
65
64
49
49
58
60
53
69
45
47
66
42
47
49
49
56
43
53
42
49
51
45
73
59
47
60
45
53
49
47
55
64
47
43
62
50
45
55
54
54
38
41
35
35
44
51
46
57
42
57
57
43
68
43
55
68
73
48
55
46
51
54
60
46
46
51
50
49
46
44
62
42
44
53
48
38
47
40
42
86
58
43
66
41
68
80
58
68
67
52
57
42
43
53
53
82
48
55
41
54
58
40
56
59
52
55
58
43
39
58
55
42
44
43
52
70
57
43
65
66
62
72
57
52
71
55
53
67
57
57
61
55
57
68
57
58
56
59
55
54
54
74
61
49
53
69
52
49
61
50
59
60
98
45
62
54
50
68
43
45
67
43
43
77
56
65
63
71
54
50
49
48
109
52
49
69
67
50
54
47
53
58
49
49
56
48
48
49
50
48
56
51
70
58
52
52
57
59
85
79
111
63
78
59
79
85
69
53
55
47
53
69
56
55
59
56
59
62
56
52
63
53
53
72
55
57
63
55
57
60
59
59
63
52
55
65
56
56
62
54
59
63
51
49
61
54
57
61
54
54
71
54
57
63
57
55
63
55
54
71
58
56
61
55
56
72
56
57
60
60
64
64
59
58
65
55
54
62
58
58
68
58
57
62
58
57
61
53
59
60
57
52
68
56
56
61
55
55
73
