49
78
47
55
44
54
58
51
44
57
34
24
69
60
44
58
42
56
63
63
44
61
43
52
44
51
44
51
54
57
57
68
44
61
64
59
51
99
55
26
19
63
59
61
48
65
51
62
58
59
46
64
50
57
60
59
43
61
47
51
56
56
42
59
43
53
56
52
47
56
42
49
54
54
45
55
68
46
60
53
69
57
47
44
64
41
43
59
63
51
41
57
50
52
55
50
63
45
45
54
60
44
44
43
51
47
74
66
46
40
51
59
53
64
50
49
55
55
45
45
56
56
72
45
48
52
65
47
47
51
42
47
54
69
45
55
55
70
75
53
58
58
75
70
57
56
54
58
52
51
59
57
50
56
68
90
56
50
43
46
60
52
49
42
42
58
58
48
51
42
49
45
49
32
35
99
40
45
53
39
53
46
52
42
50
49
59
86
38
55
57
55
76
67
74
71
84
73
74
71
72
59
59
74
59
53
98
82
56
70
72
80
55
57
70
66
70
39
43
35
33
42
115
42
55
55
54
41
48
37
37
41
55
66
77
80
36
54
44
52
37
49
47
61
35
38
54
41
35
41
41
43
51
38
46
50
59
42
46
74
58
57
117
52
51
59
53
62
46
55
49
68
50
58
54
55
65
62
52
60
46
51
57
52
46
54
46
50
46
54
46
60
45
53
49
52
45
61
53
59
52
73
51
59
54
57
52
58
48
55
49
56
50
58
49
60
56
55
52
54
45
58
46
50
48
52
58
54
47
51
37
63
53
52
41
43
48
49
60
55
44
55
61
59
49
54
63
57
59
55
49
55
45
61
60
58
50
62
44
53
59
71
45
63
49
56
60
70
50
63
67
52
64
53
46
61
52
59
57
56
44
59
71
52
59
59
44
61
65
51
45
77
46
51
43
53
66
61
44
61
48
67
65
53
47
59
53
56
60
57
44
58
46
54
60
51
43
66
47
56
59
68
47
55
43
52
45
54
45
64
44
65
62
62
50
60
61
55
45
57
44
64
83
53
59
54
44
60
47
60
58
77
66
68
56
54
62
57
51
66
44
56
49
55
45
61
65
67
60
58
46
64
64
56
59
52
45
62
46
53
59
71
49
67
63
50
48
76
50
66
64
52
70
47
54
60
62
71
57
51
53
64
62
52
60
51
55
62
53
50
62
63
58
62
52
52
60
75
56
69
51
43
50
41
41
45
55
53
44
41
41
43
51
70
55
42
55
55
43
42
43
52
55
43
43
45
45
55
55
49
44
58
59
46
44
58
64
57
50
45
44
47
58
44
49
47
46
59
45
55
50
69
60
48
62
71
51
60
58
49
48
77
62
47
76
73
58
50
52
61
58
51
47
51
49
47
44
60
46
43
46
58
65
60
45
46
64
58
43
53
56
44
60
48
55
48
59
54
50
42
44
62
55
48
45
44
58
61
55
42
49
74
75
46
53
53
93
57
51
59
52
60
63
52
53
58
69
58
54
48
51
57
57
56
60
52
53
61
50
47
59
63
58
56
52
51
54
59
50
57
51
61
62
50
55
55
79
58
70
68
77
50
49
44
57
61
54
53
76
41
52
90
64
55
53
45
46
43
41
43
41
39
45
42
44
43
61
45
49
54
50
125
47
53
64
59
46
62
47
55
46
80
50
60
46
53
59
55
44
60
47
54
60
58
79
50
52
46
46
42
43
45
47
42
44
42
44
45
45
44
44
51
46
46
46
43
45
44
43
48
42
46
46
46
41
47
46
41
46
42
42
45
40
43
44
42
42
55
45
41
44
49
41
45
43
42
44
42
41
45
43
41
43
44
39
44
46
43
44
42
40
56
41
66
51
56
43
59
64
48
49
51
43
43
41
41
44
40
62
43
40
40
71
42
42
43
44
40
67
41
40
44
40
43
46
43
44
59
43
42
48
44
47
48
42
40
46
44
51
68
44
43
44
41
42
42
41
40
70
39
44
49
47
43
46
44
44
47
45
43
48
46
44
47
44
43
54
54
55
54
48
52
59
68
47
55
56
52
47
55
47
59
46
53
48
53
46
53
47
51
46
54
48
53
48
51
48
52
46
51
45
53
46
52
45
52
48
51
47
50
44
58
45
52
48
53
45
53
45
50
47
60
45
52
43
51
49
52
44
56
45
57
45
51
44
52
48
49
44
50
46
52
45
52
46
51
57
55
47
53
47
54
45
53
45
50
46
49
46
102
49
53
46
52
45
54
59
51
48
51
44
53
44
50
47
54
50
57
49
54
48
66
47
62
47
54
49
51
46
54
50
75
74
56
56
55
53
56
52
52
75
60
47
53
52
53
49
60
55
53
78
68
47
56
71
55
59
51
47
58
49
64
65
56
72
56
64
51
50
53
44
58
47
67
51
52
46
54
46
51
52
57
51
111
58
53
52
126
45
58
49
60
51
53
48
58
119
55
51
57
47
67
67
63
116
56
46
56
50
106
53
72
37
55
46
53
158
54
44
93
53
52
47
53
44
54
48
51
46
53
43
56
46
50
47
57
57
54
45
53
46
59
47
55
51
53
47
52
43
52
45
51
44
57
44
52
54
53
47
56
44
53
46
52
45
52
45
55
46
50
46
58
45
51
49
49
52
54
44
55
45
51
44
53
44
52
57
50
44
51
43
51
48
52
48
55
49
55
53
51
48
58
45
55
45
51
56
52
44
54
45
50
54
54
45
52
47
53
49
60
48
57
47
55
49
59
51
91
53
56
54
71
51
56
53
58
49
52
48
55
47
65
49
56
52
56
60
59
51
52
48
57
47
56
49
55
47
59
50
55
52
67
56
58
48
58
50
56
48
60
51
58
52
57
49
56
68
56
51
58
49
59
51
62
54
56
50
57
48
59
41
53
41
54
40
47
43
48
40
72
47
45
49
50
45
45
59
49
51
43
44
78
45
48
73
70
61
67
57
57
57
77
57
68
45
62
60
62
47
68
61
70
62
66
56
62
62
64
59
65
54
66
54
60
57
62
71
67
65
69
51
78
59
49
46
85
46
50
48
62
54
46
62
65
56
66
71
62
61
62
43
65
54
45
49
46
44
55
59
63
56
82
65
56
60
62
59
62
48
70
47
63
52
45
42
47
45
44
46
43
42
46
41
42
46
34
32
35
32
34
34
36
31
36
32
30
33
33
31
34
32
32
34
33
31
35
33
31
34
33
32
33
33
31
32
32
30
31
31
32
33
35
32
37
31
32
33
32
32
32
32
39
33
33
34
34
36
33
32
32
31
33
30
31
34
33
31
35
32
33
32
76
31
33
31
31
33
33
31
35
38
32
34
32
33
34
33
32
34
34
30
50
44
47
55
42
55
45
50
54
49
64
45
58
47
51
54
55
51
57
51
65
57
58
45
52
54
57
53
54
50
74
46
56
55
58
48
58
53
82
46
65
53
60
49
51
49
54
50
58
48
55
50
56
47
57
63
55
50
92
46
56
48
55
49
54
63
57
47
58
49
68
49
62
47
53
53
56
49
61
49
51
48
55
51
55
52
53
49
52
47
56
47
53
53
59
46
61
52
51
48
69
47
58
54
54
47
53
48
53
45
65
47
55
49
56
57
56
80
53
40
50
45
57
47
54
44
49
56
43
47
68
48
60
41
43
64
46
64
59
42
46
48
60
43
47
79
60
62
45
55
50
44
60
44
44
54
65
60
57
48
67
55
63
56
59
61
59
59
63
53
68
58
60
63
60
62
57
58
59
56
57
56
59
59
62
54
62
58
63
54
70
50
65
57
46
62
48
58
49
45
47
48
59
46
49
65
60
61
49
46
56
45
62
49
53
67
65
70
49
44
63
46
64
44
56
57
53
47
64
45
52
57
60
45
58
65
54
60
54
50
64
44
59
61
52
45
61
50
56
58
65
53
57
52
54
52
56
50
56
47
55
49
59
45
58
51
51
54
53
47
55
48
55
47
56
69
56
63
58
53
65
49
60
48
55
53
61
54
57
49
63
60
57
53
55
63
54
52
57
48
54
48
53
50
52
47
58
49
53
51
66
57
60
51
53
50
55
49
57
48
53
58
58
53
55
59
54
56
54
47
59
47
56
53
54
47
58
51
53
181
