56
77
45
48
60
40
42
105
40
59
30
25
32
63
57
57
57
55
57
60
61
62
56
54
54
53
52
55
56
54
57
56
57
56
61
58
55
56
58
25
22
22
56
59
56
57
54
56
58
53
52
58
56
52
56
56
124
69
57
58
68
57
66
68
58
58
67
57
55
66
57
54
67
57
55
62
61
57
62
59
58
63
63
57
66
61
59
62
56
56
66
58
62
65
55
56
60
57
60
62
59
57
61
57
60
59
60
60
60
54
56
65
56
55
65
55
62
73
58
54
57
57
64
62
60
58
63
60
54
60
61
56
62
54
105
62
55
58
56
54
55
56
56
51
58
50
54
56
55
47
72
40
53
50
53
54
64
47
50
51
50
43
49
42
41
62
44
43
54
42
48
53
50
42
53
45
72
50
56
56
78
56
62
65
41
54
85
58
49
53
48
44
53
49
47
59
46
46
54
42
52
55
42
41
47
47
47
54
46
41
57
50
51
51
43
48
62
41
56
47
49
57
60
53
52
100
57
52
54
55
51
61
45
45
50
53
57
51
46
42
56
55
59
64
113
51
64
58
62
61
52
45
69
41
54
62
49
47
63
63
61
64
51
45
65
48
50
66
48
49
68
47
52
56
50
47
65
61
51
69
46
45
49
47
45
57
44
44
46
44
44
45
46
44
55
45
46
55
44
44
45
44
54
55
45
45
55
44
44
45
44
45
80
45
45
57
46
45
46
44
45
62
44
44
56
44
45
56
45
47
162
45
46
69
53
66
78
64
50
62
62
42
80
44
52
70
65
44
79
42
50
52
63
47
80
43
62
77
48
45
77
42
68
77
63
57
63
55
52
61
49
47
78
50
54
57
64
47
65
53
47
59
46
57
74
43
51
57
50
56
68
53
49
56
91
56
70
57
65
80
65
60
77
57
47
77
55
67
77
56
47
55
64
52
64
55
64
77
62
46
73
64
64
68
48
54
67
41
65
77
65
52
76
54
47
64
62
45
70
43
62
79
68
43
66
55
49
58
37
32
64
46
46
64
54
53
45
45
54
63
38
36
59
33
50
45
50
33
51
33
36
45
34
50
45
43
36
45
47
33
51
33
40
45
40
45
50
39
62
58
47
36
77
34
44
63
36
44
49
49
48
63
37
45
43
35
52
46
32
42
45
35
51
60
48
33
88
36
33
46
37
50
63
44
72
52
59
45
73
42
57
63
44
44
50
58
58
72
58
45
70
59
61
53
48
61
64
42
49
65
56
58
86
44
44
58
60
46
73
56
55
64
45
44
71
54
57
61
42
41
58
54
56
61
41
51
60
42
42
59
52
54
59
39
36
42
91
33
49
33
47
65
40
34
49
35
46
51
43
41
55
36
88
61
51
35
44
48
51
62
51
38
64
37
49
54
51
35
51
36
37
62
35
38
56
47
38
49
52
36
45
49
37
58
38
43
51
43
34
45
52
33
64
35
49
64
49
36
46
34
48
62
36
46
43
33
52
48
39
33
61
35
54
62
54
33
57
32
39
48
51
44
62
47
37
41
37
33
47
33
38
46
45
31
42
42
37
51
37
33
52
46
42
61
46
31
43
32
53
56
51
42
54
34
49
66
38
47
45
32
53
62
50
36
51
33
39
44
37
44
57
34
39
44
54
40
50
31
47
57
53
33
45
33
37
48
37
32
83
43
64
87
54
43
89
59
71
71
56
45
72
46
74
71
52
48
68
48
51
72
46
49
72
47
46
70
45
88
72
45
44
61
45
48
70
49
46
59
49
44
73
44
47
59
47
45
58
50
48
82
47
44
58
48
44
58
52
46
62
48
44
70
47
44
60
34
34
49
45
44
64
48
79
86
54
48
69
53
57
68
55
51
62
56
54
65
57
55
70
47
55
70
54
56
70
48
55
59
55
47
58
52
56
57
54
48
57
57
55
56
52
55
59
52
52
57
54
55
56
47
51
54
52
50
54
48
51
54
54
47
56
47
54
55
49
57
83
47
62
47
42
44
56
51
39
68
72
58
182
41
55
73
55
55
71
41
54
71
59
41
53
53
64
72
52
44
73
42
59
47
60
43
57
54
53
57
54
43
57
43
53
49
59
56
55
43
55
71
61
58
70
42
62
57
54
42
71
45
57
70
54
42
56
54
54
47
55
55
59
42
53
49
56
55
63
49
48
65
52
54
59
48
51
65
49
47
57
48
59
65
51
53
63
48
46
63
48
48
65
46
47
57
48
47
63
47
48
63
50
48
59
48
51
55
52
47
64
61
56
46
73
64
59
47
43
49
49
48
50
32
38
48
110
46
71
45
48
68
49
46
68
47
51
52
49
43
68
47
49
69
48
47
86
48
50
71
50
57
71
49
48
63
49
47
51
48
47
53
51
45
67
64
69
70
56
51
67
50
51
68
51
56
68
68
47
65
48
50
88
45
46
91
49
48
67
48
51
52
53
46
45
38
54
57
51
45
55
45
48
57
46
46
56
45
45
54
52
44
56
44
45
55
55
44
55
44
45
46
56
46
45
45
57
56
44
49
46
45
47
45
50
44
44
42
45
45
43
49
57
44
46
45
55
46
46
44
46
54
51
45
55
44
45
46
51
47
55
46
47
56
59
43
46
44
45
46
45
52
46
43
44
45
50
45
50
47
48
51
48
47
67
74
51
67
60
46
54
61
50
69
56
48
66
49
50
63
54
47
54
45
48
52
59
46
56
46
48
69
56
48
58
47
55
47
47
48
46
43
51
46
45
43
46
44
55
47
45
45
57
45
54
54
45
45
46
44
52
57
46
45
56
44
47
47
45
44
46
44
54
58
46
43
55
44
52
45
45
45
46
45
51
57
50
44
57
45
58
47
46
45
57
44
58
56
46
44
55
44
52
51
50
49
56
40
58
47
47
46
48
48
56
62
48
46
64
48
61
51
48
43
43
52
50
44
44
39
41
39
43
72
43
41
45
42
60
39
43
67
45
57
40
73
40
53
45
57
53
59
53
55
46
50
66
58
64
41
43
41
41
52
39
43
72
42
42
45
44
43
48
42
42
44
43
42
86
41
41
43
45
42
44
42
49
45
43
43
43
42
42
47
44
47
75
49
44
64
45
44
64
43
43
64
45
44
63
44
55
81
54
57
74
51
60
76
59
55
52
59
56
58
59
58
60
57
58
59
55
56
68
45
55
59
55
53
48
42
55
59
56
42
78
55
57
79
47
43
78
44
82
59
57
43
63
45
57
57
62
59
61
45
56
63
45
53
77
44
45
80
46
44
62
55
47
48
47
53
62
35
34
65
45
44
65
54
46
62
46
43
66
34
43
91
36
33
51
41
33
34
46
45
68
47
53
49
60
45
67
67
49
50
49
46
51
48
50
51
50
47
51
50
45
52
50
45
75
49
51
73
51
45
49
48
67
60
47
48
67
50
51
69
51
46
62
47
51
51
49
53
50
48
45
67
50
46
67
45
50
54
47
47
54
48
50
59
50
46
60
48
47
65
54
48
55
45
49
51
45
45
47
44
45
43
45
46
56
44
46
56
49
48
50
48
53
49
49
47
53
48
48
47
45
45
55
46
48
69
50
48
57
44
44
44
47
41
45
62
63
72
52
80
45
41
47
59
57
56
62
60
47
68
59
59
78
44
60
80
47
62
83
59
58
60
59
43
61
57
56
45
41
40
45
40
43
45
42
40
45
42
41
44
41
40
43
40
42
51
47
46
49
50
55
61
56
66
66
55
59
70
55
56
70
58
74
69
90
46
71
55
54
66
60
53
62
43
58
89
51
65
62
47
55
56
58
43
72
47
51
71
67
67
68
48
50
77
70
44
76
64
60
51
49
60
73
62
83
54
48
51
68
58
70
75
82
55
96
41
47
57
57
54
64
52
53
100
47
45
65
48
51
61
47
46
65
45
50
68
50
48
62
47
46
68
49
46
60
46
48
66
46
50
58
48
59
66
48
45
68
50
47
67
51
48
59
46
46
62
50
47
62
46
50
64
52
47
62
43
46
64
46
45
60
48
60
65
59
49
64
47
51
61
53
47
67
49
45
62
49
48
64
47
48
65
48
45
62
48
50
67
49
46
52
