62
65
59
50
96
57
62
57
53
61
25
17
59
44
53
57
51
53
46
84
53
46
44
45
55
54
54
46
44
51
53
49
46
56
53
56
50
83
40
24
22
46
44
40
55
56
42
43
43
52
51
56
42
40
51
52
48
48
42
53
59
56
58
45
56
56
48
43
48
59
57
42
46
45
53
58
56
46
45
51
67
56
48
45
71
56
44
56
61
52
58
58
46
49
49
54
66
45
43
54
55
41
45
42
53
59
54
45
41
52
52
44
55
42
57
55
59
52
43
60
48
61
46
47
53
58
74
45
45
67
57
73
51
80
56
52
51
44
46
43
45
46
45
43
47
43
55
47
53
53
49
114
55
62
69
87
75
62
43
46
77
52
52
50
49
53
52
50
54
50
52
54
55
52
54
119
40
42
40
40
42
42
42
41
40
40
43
46
61
48
41
41
47
43
42
44
45
45
44
42
42
44
46
45
43
42
31
33
31
32
33
36
32
34
31
30
44
40
98
40
39
47
49
48
73
49
60
55
47
45
42
47
51
42
43
45
45
53
89
61
47
59
53
51
44
55
60
62
42
42
52
56
54
43
52
118
57
59
56
55
53
55
54
51
60
53
52
54
51
50
55
56
60
39
43
56
53
53
44
98
59
60
65
44
47
58
63
55
43
58
55
65
60
58
48
53
147
56
40
38
61
58
58
41
54
51
54
54
38
38
52
53
53
38
38
51
55
53
54
38
53
58
56
46
46
62
63
60
44
59
56
47
60
50
103
52
60
55
52
56
52
53
59
53
53
54
55
56
56
51
58
54
53
50
56
53
53
58
51
51
57
60
56
57
55
52
57
54
53
59
56
53
61
52
55
58
55
58
55
55
53
57
64
52
58
53
57
58
56
52
54
57
56
40
50
52
56
55
40
58
54
56
59
39
42
58
53
52
59
40
49
57
53
39
59
52
52
60
39
54
59
59
55
51
41
51
56
51
39
60
54
54
61
40
54
57
54
55
39
41
51
58
53
38
60
52
54
58
49
40
60
54
61
57
45
52
60
51
39
60
49
54
54
50
39
61
55
57
60
38
56
61
53
39
58
51
53
59
44
41
47
49
55
72
52
48
45
60
44
66
60
57
84
53
42
56
45
90
56
51
42
57
43
57
57
56
44
52
42
52
56
56
43
60
43
51
58
53
44
65
45
52
62
56
46
63
66
59
59
59
46
56
47
56
51
59
69
62
51
56
61
67
46
55
42
58
49
52
42
57
79
52
55
51
44
52
45
51
57
52
43
52
43
50
56
51
43
59
45
56
56
58
44
58
45
52
56
52
43
55
45
56
57
54
44
73
48
56
61
65
52
68
46
51
60
57
47
64
48
56
49
57
55
53
46
50
59
53
44
58
43
53
55
54
42
54
59
51
56
52
42
62
43
51
44
50
47
56
43
49
56
58
42
55
42
49
55
53
42
56
43
55
56
52
46
57
49
52
55
51
43
57
42
53
56
52
44
58
42
51
56
55
43
60
42
50
43
49
42
56
43
54
56
53
44
58
60
53
57
55
47
61
47
52
48
61
50
63
69
55
61
61
72
52
44
54
46
58
43
54
43
51
60
56
43
59
66
54
42
37
40
66
43
41
44
42
42
45
41
41
43
42
56
67
42
39
44
42
41
46
41
42
50
41
65
61
48
52
52
49
45
55
48
48
52
52
61
69
46
66
59
60
66
69
72
63
59
68
46
70
57
64
63
68
55
65
64
62
61
64
44
48
54
64
60
47
56
51
57
62
60
79
44
67
47
62
46
48
45
52
61
62
55
64
54
51
59
65
59
63
53
56
43
46
51
61
47
60
54
54
55
66
47
64
50
52
68
53
57
59
47
57
49
57
45
63
51
51
71
52
46
58
45
57
53
62
45
54
47
52
83
65
53
57
46
51
57
64
50
71
50
65
50
56
53
59
51
53
63
52
46
58
52
53
51
55
47
61
47
52
51
66
47
58
46
54
51
53
78
50
82
47
47
70
44
67
86
48
47
44
57
59
42
42
48
54
54
57
44
40
54
63
46
46
56
52
57
47
44
43
56
55
44
44
42
50
60
42
56
41
51
61
44
43
46
59
56
47
48
46
57
66
56
45
43
53
94
42
45
59
56
64
47
58
44
57
61
44
46
42
58
60
44
44
49
54
68
60
52
47
56
67
53
53
58
57
60
45
51
53
58
61
55
52
49
58
63
44
54
46
53
60
55
48
54
74
50
75
49
56
52
57
46
61
43
41
54
43
42
44
69
86
53
47
52
50
48
57
47
43
54
53
45
42
61
56
70
55
51
63
51
72
52
55
48
60
58
40
45
50
76
51
75
47
48
55
46
43
52
51
60
73
67
50
34
35
38
34
33
32
42
86
39
90
44
36
42
75
45
47
53
48
40
36
33
42
56
35
152
45
45
56
54
46
56
48
50
34
36
45
51
64
49
49
43
41
168
34
47
37
55
39
46
53
41
42
41
43
48
51
48
53
33
44
37
40
62
46
47
43
35
64
38
48
35
39
38
51
44
45
37
36
33
41
32
48
45
37
37
34
32
43
35
33
36
50
35
40
48
32
37
46
45
45
49
49
42
38
33
38
38
36
33
41
32
49
58
32
35
34
46
52
108
36
33
38
41
33
47
52
61
67
56
65
56
53
66
55
56
66
96
55
65
59
43
56
63
39
56
54
52
55
52
53
40
52
55
58
54
41
56
59
56
56
43
54
55
38
53
38
48
57
39
55
52
83
58
52
57
39
52
58
39
57
41
51
54
59
55
54
60
58
54
85
42
52
55
39
54
61
50
53
57
56
53
50
57
52
56
38
68
44
44
43
46
45
43
45
59
54
51
67
51
57
47
55
49
53
48
65
50
59
70
56
48
53
48
59
48
54
46
67
48
56
53
52
57
58
56
54
40
42
39
42
39
40
40
41
39
43
40
42
41
40
39
41
40
41
40
40
39
41
39
40
40
42
42
41
41
41
41
43
40
41
41
45
42
43
42
42
40
40
42
40
39
41
41
39
43
40
39
41
40
39
42
39
39
42
40
40
39
42
42
42
41
41
41
42
40
43
40
41
49
51
45
56
63
48
51
48
49
53
45
48
51
50
45
63
54
46
50
67
46
50
54
46
78
55
46
53
52
71
51
61
46
52
66
47
50
55
68
51
52
46
48
54
45
49
57
46
50
66
47
52
54
47
48
55
47
50
52
51
48
52
56
52
67
49
49
55
46
49
54
46
49
55
46
52
57
53
48
69
54
58
58
55
65
60
58
61
66
55
60
75
61
63
86
57
63
59
53
61
60
56
47
52
52
55
53
55
57
60
53
59
53
53
59
59
58
58
58
58
59
59
56
57
65
60
62
54
58
80
54
54
68
68
46
51
50
113
57
63
58
60
56
55
60
53
61
61
53
58
60
58
54
63
62
55
59
55
55
60
56
63
58
53
56
55
63
61
57
61
56
67
55
55
63
55
57
59
54
54
58
58
54
57
58
54
54
51
55
54
52
53
56
51
52
95
59
54
58
61
55
61
58
54
58
53
55
58
53
62
65
62
55
58
59
56
71
55
52
57
53
52
57
54
52
55
53
52
57
57
43
47
43
51
48
44
51
50
43
50
48
46
51
48
55
57
56
47
53
59
43
54
48
53
51
47
47
51
49
47
52
56
43
51
48
46
50
48
41
52
46
45
55
50
58
52
48
56
53
47
45
55
55
49
56
52
48
58
61
74
61
60
49
58
60
59
57
60
61
55
59
57
62
60
59
69
60
54
55
59
54
59
66
55
63
60
70
54
54
58
53
56
50
55
57
53
54
57
55
52
56
57
60
58
62
54
61
56
52
69
56
59
60
53
57
62
59
56
61
62
49
56
58
63
58
54
58
57
53
57
58
55
58
60
62
56
63
56
57
60
92
56
57
62
59
61
61
56
55
63
55
56
46
57
59
61
50
58
56
56
55
58
59
58
66
55
59
63
51
61
53
57
60
54
57
56
56
54
63
63
82
62
58
56
60
56
54
62
54
55
59
55
60
57
60
55
57
56
54
58
57
54
57
55
52
57
58
54
565
