1
3600

1000
0
468
19
70
26
75
18
73
19
81
17
70
17
76
18
76
17
69
16
89
17
30
6
26
5
29
12
60
11
103
11
125
13
99
11
12
12
118
13
112
12
117
11
25
11
11
10
10
10
12
11
10
10
11
11
11
10
12
10
11
10
13
11
11
11
11
10
13
11
19
11
11
11
12
16
11
44
12
11
6
4
5
5
5
11
12
11
12
12
11
11
13
11
12
12
12
11
13
11
10
11
11
10
13
11
12
10
10
10
13
11
10
10
13
11
13
11
11
15
10
10
12
12
10
11
12
11
13
11
11
11
10
10
12
11
10
10
11
16
12
11
10
10
10
10
12
11
10
23
14
18
18
22
20
24
15
18
18
19
14
23
16
24
19
19
17
19
14
16
34
33
14
16
15
18
19
16
15
23
13
20
35
15
15
25
17
19
55
15
16
14
13
13
18
25
16
18
16
16
18
26
16
20
13
14
17
17
12
16
16
16
16
17
15
25
15
14
17
13
13
15
16
19
22
16
16
24
13
15
26
19
13
20
16
18
20
24
16
16
13
16
14
15
14
32
18
13
21
17
17
16
16
16
34
45
18
16
14
18
18
19
17
16
16
15
18
23
17
15
68
18
88
22
78
24
14
13
13
14
13
13
14
14
14
14
13
13
13
13
14
17
10
11
12
11
14
12
14
12
12
11
12
13
15
27
18
20
14
35
23
40
23
17
27
27
18
22
17
16
21
18
17
16
16
23
19
22
17
19
17
20
19
22
17
22
17
20
20
21
17
20
17
22
20
22
18
24
16
22
21
22
16
17
12
132
14
15
13
145
13
132
13
150
12
154
13
148
14
15
13
15
12
14
13
16
14
15
12
77
21
16
18
13
16
14
21
14
16
14
18
13
21
15
17
14
16
13
21
14
17
14
17
13
20
15
17
14
16
13
18
14
15
14
16
56
19
60
17
55
17
58
20
60
16
62
18
58
21
60
16
57
15
54
20
85
17
69
26
66
19
71
22
68
14
72
41
89
22
13
22
25
26
20
14
84
16
72
17
16
16
66
17
66
18
72
17
16
16
13
18
14
16
16
16
63
19
14
14
67
17
81
15
66
17
85
19
17
34
25
17
16
21
67
34
79
21
74
22
61
34
72
24
62
15
75
34
74
15
69
19
18
27
80
22
90
17
73
31
13
13
13
13
12
14
13
11
12
11
10
12
12
10
10
12
11
14
11
11
10
11
10
13
11
11
13
12
24
18
12
11
16
12
10
13
12
12
11
12
17
13
46
11
12
12
11
10
13
11
12
10
13
13
13
11
13
12
11
12
12
12
11
10
12
11
13
12
12
12
11
12
13
11
12
12
11
12
12
10
11
11
11
11
17
10
13
12
11
12
12
11
11
11
11
13
12
10
11
11
11
11
11
10
11
11
10
12
12
10
11
11
11
12
11
11
11
11
11
11
12
11
11
11
12
12
12
11
11
11
11
12
13
11
11
11
12
13
12
10
12
10
12
12
65
17
78
16
18
36
72
24
68
24
72
46
73
13
13
15
12
18
13
12
11
11
13
14
14
12
11
12
12
12
12
12
12
12
12
14
12
12
11
12
89
13
12
12
12
12
13
13
12
11
12
12
12
14
13
12
12
12
11
14
12
12
13
13
12
13
12
13
12
12
11
13
13
12
12
12
13
13
45
13
13
12
12
13
13
12
12
13
12
13
12
13
12
12
12
13
12
11
11
12
11
13
12
12
18
12
12
13
12
12
12
12
12
14
11
12
17
12
12
12
13
12
11
12
11
13
12
12
12
12
11
13
12
12
12
13
12
14
12
13
11
11
12
14
14
12
11
13
12
14
13
13
12
13
12
14
13
11
11
12
11
13
12
13
11
12
11
13
13
12
11
13
11
13
12
13
12
11
12
13
12
12
17
12
13
13
45
12
11
11
12
13
12
12
12
12
12
13
12
12
12
11
12
13
13
12
12
13
11
13
12
12
12
11
12
13
13
12
12
12
11
13
12
12
12
103
11
13
12
11
12
12
12
13
13
12
12
12
12
137
13
106
11
124
13
137
13
119
12
117
12
117
14
105
12
14
13
13
13
12
12
12
11
16
12
15
12
15
12
16
13
14
12
14
12
15
13
14
11
142
12
149
12
126
10
146
11
147
12
131
11
15
11
16
13
14
17
13
15
20
16
16
19
82
19
80
15
70
22
68
17
86
13
13
22
15
14
95
23
74
28
65
22
36
27
62
12
11
11
135
12
118
13
104
10
13
12
12
12
12
12
135
13
11
13
104
12
135
13
11
11
116
12
109
12
105
12
98
11
118
12
99
12
113
11
132
12
110
11
92
12
25
15
19
14
20
14
24
22
76
14
13
17
15
20
12
15
12
14
16
13
15
12
21
12
18
12
15
12
16
11
16
11
15
12
16
12
17
12
16
11
16
12
19
13
15
12
17
10
18
12
15
12
16
12
16
12
21
11
16
16
15
18
15
11
22
11
17
13
15
11
16
12
14
11
14
11
16
11
16
11
16
11
16
11
18
13
15
11
15
12
15
12
15
11
15
11
18
13
15
11
12
12
14
12
12
13
12
12
13
13
11
13
13
12
14
12
12
11
12
11
14
13
12
12
12
12
14
13
13
12
13
11
14
13
67
13
65
13
74
29
117
17
58
18
74
20
72
22
80
27
106
22
65
20
68
19
75
18
66
16
76
16
75
29
15
17
14
15
25
17
106
18
66
13
130
13
113
12
11
12
13
13
111
12
113
12
135
13
115
12
11
11
13
13
12
12
12
11
122
13
115
13
97
11
14
12
12
11
11
11
134
12
99
11
11
12
12
13
110
11
100
16
122
13
116
11
12
11
115
13
111
12
102
12
126
12
115
11
101
11
54
12
11
12
11
12
13
13
12
12
12
12
13
13
107
12
111
12
135
13
112
17
12
12
13
12
11
11
11
12
133
13
12
12
105
12
135
13
103
12
114
12
122
13
12
12
11
11
13
12
11
12
13
12
12
13
12
13
11
11
12
12
11
11
11
12
120
12
115
12
104
11
133
13
22
13
19
13
22
14
20
14
19
13
23
14
18
12
21
16
82
16
75
16
57
13
76
17
73
22
67
27
73
23
66
37
60
17
73
22
81
26
143
29
88
19
75
26
65
17
68
15
62
16
114
14
123
16
113
15
99
14
13
17
11
15
12
16
137
15
11
17
106
14
12
13
11
11
12
13
176
12
114
16
101
13
13
16
12
15
116
15
116
16
100
15
104
15
126
16
104
15
104
15
116
13
118
16
96
14
13
15
11
16
11
15
12
17
12
16
11
15
13
15
13
14
14
13
84
29
68
18
58
18
15
18
11
16
13
16
14
18
13
19
12
16
14
16
13
16
13
16
14
14
12
12
11
12
14
12
12
13
14
12
13
14
12
14
12
12
13
13
13
13
12
12
14
13
11
12
12
13
13
13
11
12
12
11
13
13
12
12
23
12
12
13
15
12
16
11
16
12
15
11
16
13
17
12
15
12
16
11
16
12
15
11
15
12
19
12
15
13
17
12
16
12
15
12
16
52
14
12
15
11
12
11
12
12
16
12
14
11
17
12
15
12
15
11
15
12
15
13
15
12
16
12
15
13
15
11
17
13
15
12
15
11
89
19
61
17
63
16
86
17
76
16
15
15
37
19
13
18
18
16
12
15
10
14
10
13
13
16
10
14
11
12
12
15
11
14
10
14
13
13
12
15
11
15
12
15
10
15
10
13
13
12
11
14
10
13
12
16
10
13
10
16
12
17
10
16
11
11
13
13
12
16
11
15
13
17
13
17
12
20
13
21
11
14
10
14
12
17
17
16
13
13
13
13
12
17
11
15
13
14
12
14
12
16
12
15
10
15
11
14
12
13
10
14
22
16
23
17
20
14
20
14
23
15
20
15
20
16
23
15
23
16
18
14
25
16
18
18
22
17
24
13
20
13
16
15
20
16
18
19
26
18
17
19
16
51
17
16
25
14
22
15
69
16
35
14
12
15
13
12
170
14
14
13
13
14
15
15
14
14
14
13
16
15
14
14
13
14
15
14
15
14
13
14
15
14
15
14
15
14
15
14
13
14
13
14
16
14
13
14
14
13
16
13
14
15
14
13
14
13
13
13
13
13
16
14
15
14
13
13
15
15
13
14
12
13
15
14
15
13
13
14
15
14
14
14
13
14
15
13
14
13
12
13
15
14
12
15
14
13
13
12
13
13
11
13
15
15
12
12
13
12
14
15
12
13
12
15
13
12
13
13
12
12
12
13
13
15
13
11
13
12
11
12
13
14
12
13
14
12
13
11
13
13
11
13
15
16
18
14
17
14
12
12
14
14
15
14
17
12
17
12
14
13
11
13
15
14
11
11
17
13
16
13
13
14
12
14
17
12
16
13
17
12
17
13
15
15
12
11
18
13
14
12
14
12
12
14
15
13
16
11
16
13
11
14
16
17
30
16
16
20
12
29
15
16
14
20
18
14
19
31
17
16
19
16
34
17
19
15
16
15
18
17
15
17
25
28
37
26
80
18
69
22
19
20
17
19
17
19
81
18
57
14
68
14
84
21
15
12
15
13
18
20
16
23
15
16
34
13
17
20
19
14
19
15
16
23
17
16
24
20
16
13
15
19
37
35
15
15
22
15
17
21
15
15
15
21
32
28
17
17
20
14
42
23
22
20
34
69
33
14
16
14
15
13
18
15
16
14
16
75
17
63
22
65
15
69
17
61
15
61
14
57
24
75
23
122
28
68
18
115
29
73
18
65
19
74
22
173
21
16
25
17
15
15
16
18
25
72
27
63
22
58
25
72
15
84
15
61
32
185
13
17
13
15
45
18
15
82
19
67
34
86
17
75
18
80
19
61
23
64
17
75
88
80
66
28
18
65
19
17
79
15
63
69
82
201
13
15
12
106
13
99
13
118
11
116
12
108
11
117
11
99
12
12
12
13
11
11
12
12
11
12
12
11
14
14
12
11
12
11
13
12
11
12
12
133
12
105
47
107
11
101
11
98
11
134
14
12
13
110
12
96
12
11
13
12
12
11
12
11
13
11
12
11
12
12
11
11
12
12
11
11
11
11
11
167
12
12
14
12
11
11
11
94
11
110
10
11
12
11
12
12
11
112
12
100
12
12
12
12
12
11
13
99
11
119
13
103
11
106
12
147
12
108
12
12
11
11
13
11
12
11
24
12
12
12
12
11
12
106
11
99
12
111
12
125
11
89
12
11
12
11
11
11
13
12
12
135
14
14
17
15
16
68
16
16
18
59
16
14
16
11
25
13
11
12
16
12
17
12
16
11
15
10
29
11
12
11
15
11
18
13
16
12
15
11
17
12
16
11
28
11
12
11
15
12
16
11
17
12
15
10
15
11
16
11
16
10
15
11
17
11
15
11
16
11
17
11
12
12
13
12
14
13
12
13
13
13
13
13
12
11
12
12
13
13
11
12
13
12
14
11
12
11
11
12
13
12
12
12
12
11
13
44
12
12
11
11
13
12
12
12
12
12
13
13
13
12
12
11
13
12
11
11
11
11
13
12
13
13
12
12
13
13
12
13
13
12
14
42
13
13
12
12
13
13
12
11
11
12
14
13
12
12
11
12
13
13
11
12
12
12
12
12
12
13
12
11
12
12
12
12
12
12
50
15
13
16
12
16
13
17
12
15
12
16
13
17
12
15
11
17
14
13
12
16
13
13
13
13
12
12
11
14
13
12
11
12
12
14
18
17
24
19
20
19
27
25
64
15
83
14
14
15
14
15
13
14
14
15
14
13
65
17
90
37
73
14
63
18
102
28
65
12
78
29
67
26
13
27
11
18
15
14
15
16
13
15
13
15
12
14
12
14
15
15
13
15
12
14
14
15
16
15
15
15
17
14
15
14
16
15
12
15
12
14
15
14
16
15
15
15
12
14
15
15
12
14
11
14
14
14
12
15
11
16
13
15
13
15
12
15
12
15
13
16
14
15
14
15
12
15
16
15
13
12
13
12
12
16
17
15
12
15
12
14
12
15
16
14
15
14
16
15
16
15
15
14
19
15
15
14
15
14
17
15
17
14
15
14
15
15
14
14
14
14
15
14
17
15
15
14
16
15
15
15
19
15
16
14
15
15
16
15
16
14
16
15
16
15
19
15
16
13
12
15
16
20
12
17
13
15
14
17
13
18
12
17
15
16
12
16
12
15
15
17
13
16
12
16
14
16
12
62
12
57
14
62
12
59
12
61
14
60
12
64
13
57
14
64
12
58
12
57
12
61
11
61
12
58
14
63
12
57
11
61
14
61
12
60
12
55
14
64
12
58
12
57
14
61
12
59
12
58
12
59
11
58
12
56
12
57
12
58
11
55
12
58
12
57
12
58
13
60
12
62
13
57
14
64
12
56
11
59
14
60
12
57
12
59
13
59
11
58
12
67
14
60
12
60
12
61
14
62
12
63
12
59
13
57
12
57
12
56
12
60
11
56
12
57
13
60
12
60
12
56
14
62
13
58
12
60
12
57
12
106
12
55
13
59
12
56
11
56
135
60
12
60
12
56
138
64
108
63
12
57
14
61
12
59
13
58
13
63
13
61
11
59
14
62
12
61
11
56
128
14
21
15
15
14
88
13
66
13
59
13
62
12
11
12
14
10
16
10
15
12
17
11
14
12
12
11
13
10
17
13
21
12
14
10
14
18
17
16
16
16
17
17
14
16
18
16
19
17
25
23
21
17
23
17
16
13
18
16
19
31
21
15
16
15
20
22
14
19
17
17
41
16
23
25
20
20
16
16
24
17
38
14
30
17
17
16
17
15
20
16
29
12
20
17
38
17
17
13
15
16
33
16
15
17
16
15
19
17
16
18
21
12
17
15
17
15
16
15
20
15
21
14
18
22
25
16
20
13
18
15
20
16
17
15
22
17
21
16
16
15
17
16
30
22
17
15
15
13
18
17
16
13
17
15
20
15
25
16
25
15
67
16
16
17
64
13
65
16
12
17
13
12
13
11
11
11
11
10
11
11
11
11
11
11
13
12
10
11
11
11
13
12
29
16
15
14
24
15
17
18
19
12
24
17
22
16
18
12
18
14
22
13
18
14
19
16
17
14
15
31
26
22
16
21
18
13
20
16
16
16
69
13
82
24
12
13
16
11
16
13
27
11
14
11
17
12
20
12
12
10
15
13
11
11
12
11
17
11
15
12
12
11
12
13
12
12
12
12
12
12
13
14
19
14
23
14
12
12
11
12
14
14
11
13
12
12
14
13
13
12
13
13
15
13
12
13
11
11
13
13
11
11
11
12
11
12
13
12
12
13
17
13
14
11
14
11
16
11
13
13
15
10
17
12
14
10
13
11
17
11
15
11
14
11
17
11
14
10
14
11
15
10
14
11
14
18
18
17
16
16
14
15
17
15
16
15
18
14
17
16
17
14
16
14
21
14
20
21
16
14
30
17
22
15
21
21
20
14
20
31
20
15
42
16
21
14
16
14
34
16
18
15
14
14
27
16
16
20
14
14
32
15
17
16
16
15
31
15
15
15
36
17
30
14
25
17
22
15
16
15
15
15
15
15
25
20
19
21
22
23
33
23
25
29
14
12
12
12
11
12
13
12
14
13
12
11
12
12
13
12
12
12
11
12
11
12
12
11
12
12
13
12
44
15
18
20
30
16
20
18
21
13
35
18
28
14
15
12
40
25
30
15
14
15
20
16
13
15
14
16
18
15
14
16
26
13
24
16
19
17
25
14
22
16
17
17
14
22
16
15
16
12
17
17
19
15
17
15
14
15
19
16
13
15
16
15
18
17
14
17
15
15
20
16
14
16
16
15
15
18
17
12
17
14
18
16
13
21
17
31
24
13
16
29
15
18
19
13
15
17
16
15
19
16
17
16
17
15
17
17
14
19
16
16
16
17
16
17
15
16
17
17
14
17
16
15
20
17
17
30
14
16
20
18
15
22
13
16
21
13
16
16
15
16
20
17
15
15
16
14
21
14
16
16
16
14
20
15
15
17
29
49
19
17
16
15
15
14
22
16
15
15
13
15
20
20
18
13
17
14
27
18
17
14
17
26
18
15
17
17
15
14
19
17
13
15
16
14
18
15
16
15
13
15
27
13
15
12
15
13
17
15
14
17
15
13
